0.0405905
0.042722 0.0446027 
0.0409458 0.0407722 0.0399158 
0.0424504 0.0453453 0.0426543 0.0439036 
0.0524244 0.0491521 0.0538428 0.0465351 0.0496413 
0.0425713 0.0454064 0.0432753 0.0450125 0.0421155 0.0427183 
0.0398849 0.0405986 0.0395416 0.0406339 0.0402022 0.0405194 0.0410126 
0.042695 0.0457586 0.0433949 0.043154 0.0414246 0.0458633 0.0423238 0.0436382 
0.0420108 0.0409849 0.0382167 0.0400525 0.0407227 0.0401399 0.0408101 0.0407372 0.0419174 
0.0717844 0.0662459 0.0659222 0.0626315 0.0660661 0.072162 0.0605456 0.0650411 0.0612289 0.0602219 
